18 29 14 27 11 86 87 87 99 23 18 29 14 23 18 29 14 99 23 99 23 99 99 45 23 6 22 7 1 26 31 100 59 45 23 6 59 45 23 6 100 59 100 59 100 100 29 23 13 27 19 57 58 101 94 89 29 23 13 89 29 23 13 94 89 94 89 94 94 81 87 7 60 44 115 31 81 87 31 81 87 31 31


81 87 7 60 44 115 31 81 87 31 81 87 31 31
234567 123 123 11


ctf{une3d3d_recursive_functi0ns_cd3b}


34567890 | 12345 | 2345 | 12 | 12 | 11

chunk1:  99 23 18 29 14 27 11 86 87 87 
3					  0  1			  5   2		5  1  2 |  1  2  1   1
18 29 14 27 11 86 87 87  99 23 18 29 14  23 18 29 14 99 23 99 23 99 99


chunk2: 100 59 45 23 6 22 7 1 26 31
3				   0  1			  5 2		 5  1  2   1  2  1   1
45 23 6 22 7 1 26 31 100 59 45 23 6 59 45 23 6 100 59 100 59 100 100



chunk3: 94 89 29 23 13 27 19 57 58 101
3				      0  1			  5 2		  5  1 2   1  2  1   1
29 23 13 27 19 57 58 101 94 89 29 23 13 89 29 23 13 94 89 94 89 94 94 

used part 2
part2 reverse fixed: 101 58 57 19 27 13 23 29 89 94


chunk4: 31 81 87 7 60 44 115
used part 2
part2 reverse fixed:115 44 60 7 87 81 31
string: s_cd3b}

0 01 12 23 

(
part2:
	1: part2(0 ^ 1, 0 ^ 2, 0 ^ 3......) + 0
	(0 ^ 1 ^ 0 ^ n) = 1n
	2: part2(12,13,14,15,16,17,18,19) + 01 + 0
	(121n) = 2n
	3: part2(23,24,25,26,27,28,29) + 12 + 01 + 0
	4: part2(34,35,36,37,38,39) + 23 + 12 + 01 + 0
	5: part2(45,46,47,48,49) + 34 + 23 + 12 + 01 + 0
	6: part2(56,57,58,59) + 45 + 34 + 23 + 12 + 01 + 0
	7: part2(67,68,69) + 56 + 45 + 34 + 23 + 12 + 01 + 0
	8: part2(78,79) + 67 + 56 + 45 + 34 + 23 + 12 + 01 + 0
	9: 89 + 78 + 67 + 56 + 45 + 34 + 23 + 12 + 01 + 0
	